【パラメータ情報】
m = 60
a = 300
num_solve = 200
d = 5

k_values(閾値) = 0.01 0.02 0.03 0.04 0.05 0.06 0.07 0.08 0.09 0.1 0.11 0.12 0.13 0.14 0.15 0.16 0.17 0.18 0.19 0.2

【結果出力】
■ 衝突回避あり探索で発生した衝突回避回数: 203851

■ データ残留率(%)について:
   k_values: 0.01 0.02 0.03 0.04 0.05 0.06 0.07 0.08 0.09 0.1 0.11 0.12 0.13 0.14 0.15 0.16 0.17 0.18 0.19 0.2

   (衝突回避ありの場合)
   データ残留率(%): 96.6045 90.6997 83.7245 76.5914 68.4185 58.6269 49.4056 40.9564 34.5646 29.2827 25.181 21.6758 18.6181 16.1921 14.2794 12.7045 11.2832 10.0417 9.03707 8.23865

   (衝突回避なしの場合)
   データ残留率(%): 94.3027 85.8289 77.1204 67.8818 57.3766 45.7512 35.4097 27.635 22.2336 18.1839 14.9586 12.3387 10.1778 8.49498 7.13841 6.01651 5.09298 4.31469 3.72394 3.2432

■ セグメントk値の分散・標準偏差:
   (衝突回避あり) 分散=0.0144119, 標準偏差=0.12005
   (衝突回避なし) 分散=0.00462132, 標準偏差=0.0679803
