【パラメータ情報】
m = 60
a = 200
num_solve = 200
d = 5

k_values(閾値) = 0.01 0.02 0.03 0.04 0.05 0.06 0.07 0.08 0.09 0.1 0.11 0.12 0.13 0.14 0.15 0.16 0.17 0.18 0.19 0.2

【結果出力】
■ 衝突回避あり探索で発生した衝突回避回数: 216996

■ データ残留率(%)について:
   k_values: 0.01 0.02 0.03 0.04 0.05 0.06 0.07 0.08 0.09 0.1 0.11 0.12 0.13 0.14 0.15 0.16 0.17 0.18 0.19 0.2

   (衝突回避ありの場合)
   データ残留率(%): 94.2786 85.133 75.0353 62.9814 50.8568 38.3883 27.2987 19.7807 14.6398 11.3629 9.0535 7.5886 6.51987 5.65383 5.04269 4.55439 4.14287 3.78355 3.47644 3.20926

   (衝突回避なしの場合)
   データ残留率(%): 92.5793 82.677 72.9831 62.7629 50.988 38.6304 28.4707 21.1433 16.4121 13.1611 10.7489 8.79916 7.3158 6.15922 5.24322 4.48353 3.92904 3.39063 2.92233 2.56468

■ セグメントk値の分散・標準偏差:
   (衝突回避あり) 分散=0.0104728, 標準偏差=0.102337
   (衝突回避なし) 分散=0.00412413, 標準偏差=0.0642194
