【パラメータ情報】
m = 60
a = 100
num_solve = 200
d = 5

k_values(閾値) = 0.01 0.02 0.03 0.04 0.05 0.06 0.07 0.08 0.09 0.1 0.11 0.12 0.13 0.14 0.15 0.16 0.17 0.18 0.19 0.2

【結果出力】
■ 衝突回避あり探索で発生した衝突回避回数: 206506

■ データ残留率(%)について:
   k_values: 0.01 0.02 0.03 0.04 0.05 0.06 0.07 0.08 0.09 0.1 0.11 0.12 0.13 0.14 0.15 0.16 0.17 0.18 0.19 0.2

   (衝突回避ありの場合)
   データ残留率(%): 94.2322 86.3365 78.1199 68.9814 58.1317 48.7498 40.4964 33.53 27.9282 23.6171 20.4529 17.923 16.0385 14.5781 13.3132 12.1958 11.2627 10.4219 9.7507 9.22334

   (衝突回避なしの場合)
   データ残留率(%): 92.8654 83.0723 73.2765 62.9097 51.2359 38.8031 27.586 19.8012 14.8549 11.7437 9.3431 7.5309 6.17276 5.1021 4.26518 3.65126 3.1072 2.61016 2.27163 2.01236

■ セグメントk値の分散・標準偏差:
   (衝突回避あり) 分散=0.0380329, 標準偏差=0.19502
   (衝突回避なし) 分散=0.00356668, 標準偏差=0.0597217
