【パラメータ情報】
m = 60
a = 200
num_solve = 200
d = 7

k_values(閾値) = 0.01 0.02 0.03 0.04 0.05 0.06 0.07 0.08 0.09 0.1 0.11 0.12 0.13 0.14 0.15 0.16 0.17 0.18 0.19 0.2

【結果出力】
■ 衝突回避あり探索で発生した衝突回避回数: 210370

■ データ残留率(%)について:
   k_values: 0.01 0.02 0.03 0.04 0.05 0.06 0.07 0.08 0.09 0.1 0.11 0.12 0.13 0.14 0.15 0.16 0.17 0.18 0.19 0.2

   (衝突回避ありの場合)
   データ残留率(%): 97.1199 90.2593 82.2783 73.5488 64.1402 52.8677 41.6002 32.5286 26.1538 21.5585 17.9745 15.3324 13.1116 11.3369 9.79527 8.41223 7.26218 6.28563 5.35865 4.50602

   (衝突回避なしの場合)
   データ残留率(%): 95.0536 86.0884 76.4557 66.1705 54.4015 41.6356 30.9864 23.7138 18.6445 15.1417 12.4751 10.2521 8.56337 7.23556 6.17095 5.30019 4.57364 3.90777 3.37034 2.91723

■ セグメントk値の分散・標準偏差:
   (衝突回避あり) 分散=0.00530203, 標準偏差=0.072815
   (衝突回避なし) 分散=0.00419009, 標準偏差=0.0647309
