【パラメータ情報】
m = 60
a = 300
num_solve = 200
d = 7

k_values(閾値) = 0.01 0.02 0.03 0.04 0.05 0.06 0.07 0.08 0.09 0.1 0.11 0.12 0.13 0.14 0.15 0.16 0.17 0.18 0.19 0.2

【結果出力】
■ 衝突回避あり探索で発生した衝突回避回数: 216451

■ データ残留率(%)について:
   k_values: 0.01 0.02 0.03 0.04 0.05 0.06 0.07 0.08 0.09 0.1 0.11 0.12 0.13 0.14 0.15 0.16 0.17 0.18 0.19 0.2

   (衝突回避ありの場合)
   データ残留率(%): 96.3203 88.6652 79.8238 69.8629 57.2687 44.8812 35.0857 27.8917 22.765 19.3461 16.5283 14.1971 12.2062 10.7782 9.64603 8.55516 7.56289 6.78052 6.08084 5.45113

   (衝突回避なしの場合)
   データ残留率(%): 94.947 86.7356 77.7648 68.0113 56.909 45.0971 34.8459 27.5002 22.3518 18.377 15.1196 12.4189 10.3087 8.62971 7.31151 6.20481 5.28212 4.53568 3.89757 3.35174

■ セグメントk値の分散・標準偏差:
   (衝突回避あり) 分散=0.00624926, 標準偏差=0.0790523
   (衝突回避なし) 分散=0.00455287, 標準偏差=0.0674749
