【パラメータ情報】
m = 60
a = 400
num_solve = 200
d = 7

k_values(閾値) = 0.01 0.02 0.03 0.04 0.05 0.06 0.07 0.08 0.09 0.1 0.11 0.12 0.13 0.14 0.15 0.16 0.17 0.18 0.19 0.2

【結果出力】
■ 衝突回避あり探索で発生した衝突回避回数: 210045

■ データ残留率(%)について:
   k_values: 0.01 0.02 0.03 0.04 0.05 0.06 0.07 0.08 0.09 0.1 0.11 0.12 0.13 0.14 0.15 0.16 0.17 0.18 0.19 0.2

   (衝突回避ありの場合)
   データ残留率(%): 95.816 88.3514 79.8004 70.9961 60.4706 49.2157 39.856 32.3578 27.1759 23.0743 20.0226 17.8253 16.1102 14.9384 13.8458 12.8571 12.0056 11.2518 10.5133 9.81445

   (衝突回避なしの場合)
   データ残留率(%): 95.2127 87.3676 78.8416 69.6 58.9971 47.6988 37.78 30.7083 25.5792 21.3931 17.9335 14.9913 12.5883 10.6575 9.06848 7.72016 6.59312 5.65217 4.89488 4.26623

■ セグメントk値の分散・標準偏差:
   (衝突回避あり) 分散=0.0114798, 標準偏差=0.107144
   (衝突回避なし) 分散=0.00521052, 標準偏差=0.0721839
