【パラメータ情報】
m = 60
a = 100
num_solve = 200
d = 7

k_values(閾値) = 0.01 0.02 0.03 0.04 0.05 0.06 0.07 0.08 0.09 0.1 0.11 0.12 0.13 0.14 0.15 0.16 0.17 0.18 0.19 0.2

【結果出力】
■ 衝突回避あり探索で発生した衝突回避回数: 216911

■ データ残留率(%)について:
   k_values: 0.01 0.02 0.03 0.04 0.05 0.06 0.07 0.08 0.09 0.1 0.11 0.12 0.13 0.14 0.15 0.16 0.17 0.18 0.19 0.2

   (衝突回避ありの場合)
   データ残留率(%): 95.8805 88.4193 80.0414 70.6077 60.8192 50.9182 42.2712 35.78 30.6609 26.8904 23.8799 21.2775 18.9443 17.1729 15.6025 14.1269 12.7754 11.6635 10.6521 9.68209

   (衝突回避なしの場合)
   データ残留率(%): 93.9326 84.0383 73.3502 61.591 48.6683 35.3665 24.9733 18.1038 13.6288 10.6111 8.34459 6.62662 5.45485 4.57572 3.90986 3.36011 2.8696 2.48691 2.1682 1.89687

■ セグメントk値の分散・標準偏差:
   (衝突回避あり) 分散=0.0156478, 標準偏差=0.125091
   (衝突回避なし) 分散=0.00339908, 標準偏差=0.0583016
