【パラメータ情報】
m = 60
a = 100
num_solve = 200
d = 3

k_values(閾値) = 0.01 0.02 0.03 0.04 0.05 0.06 0.07 0.08 0.09 0.1 0.11 0.12 0.13 0.14 0.15 0.16 0.17 0.18 0.19 0.2

【結果出力】
■ 衝突回避あり探索で発生した衝突回避回数: 210393

■ データ残留率(%)について:
   k_values: 0.01 0.02 0.03 0.04 0.05 0.06 0.07 0.08 0.09 0.1 0.11 0.12 0.13 0.14 0.15 0.16 0.17 0.18 0.19 0.2

   (衝突回避ありの場合)
   データ残留率(%): 93.3967 84.7178 76.0343 67.2499 57.8225 47.5456 36.6993 27.1984 20.1635 15.3235 12.2055 10.006 8.13703 6.8329 5.92368 5.09712 4.46342 3.83891 3.30624 2.78275

   (衝突回避なしの場合)
   データ残留率(%): 91.7522 81.5955 71.9036 61.8595 51.5142 39.8097 28.9778 21.0164 15.7459 12.333 10.0295 8.10313 6.68245 5.66371 4.84083 4.19773 3.57654 3.07668 2.64696 2.28156

■ セグメントk値の分散・標準偏差:
   (衝突回避あり) 分散=0.00431777, 標準偏差=0.0657097
   (衝突回避なし) 分散=0.00404504, 標準偏差=0.0636006
