【パラメータ情報】
m = 60
a = 200
num_solve = 200
d = 3

k_values(閾値) = 0.01 0.02 0.03 0.04 0.05 0.06 0.07 0.08 0.09 0.1 0.11 0.12 0.13 0.14 0.15 0.16 0.17 0.18 0.19 0.2

【結果出力】
■ 衝突回避あり探索で発生した衝突回避回数: 262438

■ データ残留率(%)について:
   k_values: 0.01 0.02 0.03 0.04 0.05 0.06 0.07 0.08 0.09 0.1 0.11 0.12 0.13 0.14 0.15 0.16 0.17 0.18 0.19 0.2

   (衝突回避ありの場合)
   データ残留率(%): 92.2186 82.542 73.249 63.351 53.0204 41.6804 31.3601 23.1461 17.0641 13.1218 10.4079 8.45865 6.90081 5.79617 4.96447 4.28211 3.71047 3.17746 2.76805 2.45133

   (衝突回避なしの場合)
   データ残留率(%): 91.6988 82.0623 73.0853 63.9575 53.5358 41.9613 31.7192 24.2048 18.9854 15.2175 12.4373 10.299 8.59027 7.24458 6.14362 5.24526 4.58868 3.96758 3.44262 3.01451

■ セグメントk値の分散・標準偏差:
   (衝突回避あり) 分散=0.00420516, 標準偏差=0.0648472
   (衝突回避なし) 分散=0.00455895, 標準偏差=0.06752
