【パラメータ情報】
m = 60
a = 300
num_solve = 200
d = 3

k_values(閾値) = 0.01 0.02 0.03 0.04 0.05 0.06 0.07 0.08 0.09 0.1 0.11 0.12 0.13 0.14 0.15 0.16 0.17 0.18 0.19 0.2

【結果出力】
■ 衝突回避あり探索で発生した衝突回避回数: 203281

■ データ残留率(%)について:
   k_values: 0.01 0.02 0.03 0.04 0.05 0.06 0.07 0.08 0.09 0.1 0.11 0.12 0.13 0.14 0.15 0.16 0.17 0.18 0.19 0.2

   (衝突回避ありの場合)
   データ残留率(%): 95.4096 88.6132 81.495 74.4659 66.7545 57.8917 48.2379 39.5921 32.408 27.081 23.0605 19.924 17.2527 15.0041 13.1896 11.7086 10.3672 9.32036 8.37049 7.46714

   (衝突回避なしの場合)
   データ残留率(%): 92.5142 83.6517 75.0373 66.1622 56.1342 44.9177 35.3754 27.7835 22.2286 18.001 14.787 12.2795 10.2319 8.6165 7.32437 6.24882 5.39248 4.64653 4.00309 3.49265

■ セグメントk値の分散・標準偏差:
   (衝突回避あり) 分散=0.00830806, 標準偏差=0.0911486
   (衝突回避なし) 分散=0.00472895, 標準偏差=0.0687674
