【パラメータ情報】
m = 60
a = 400
num_solve = 200
d = 3

k_values(閾値) = 0.01 0.02 0.03 0.04 0.05 0.06 0.07 0.08 0.09 0.1 0.11 0.12 0.13 0.14 0.15 0.16 0.17 0.18 0.19 0.2

【結果出力】
■ 衝突回避あり探索で発生した衝突回避回数: 238037

■ データ残留率(%)について:
   k_values: 0.01 0.02 0.03 0.04 0.05 0.06 0.07 0.08 0.09 0.1 0.11 0.12 0.13 0.14 0.15 0.16 0.17 0.18 0.19 0.2

   (衝突回避ありの場合)
   データ残留率(%): 94.1531 85.7587 76.7965 68.0376 58.3541 47.6923 37.7211 29.5799 23.5028 19.1483 15.7875 13.2016 11.057 9.22693 7.91099 6.72933 5.78937 4.95684 4.26242 3.75216

   (衝突回避なしの場合)
   データ残留率(%): 93.0187 84.8933 77.0952 69.1495 60.3694 50.5061 41.1923 33.4311 27.3529 22.7917 19.213 16.2386 13.7891 11.7155 9.99474 8.58551 7.38443 6.38622 5.54752 4.83721

■ セグメントk値の分散・標準偏差:
   (衝突回避あり) 分散=0.00502869, 標準偏差=0.0709133
   (衝突回避なし) 分散=0.00614907, 標準偏差=0.078416
