【パラメータ情報】
m = 120
a = 100
num_solve = 200
d = 3

k_values(閾値) = 0.01 0.02 0.03 0.04 0.05 0.06 0.07 0.08 0.09 0.1 0.11 0.12 0.13 0.14 0.15 0.16 0.17 0.18 0.19 0.2

【結果出力】
■ 衝突回避あり探索で発生した衝突回避回数: 220539

■ データ残留率(%)について:
   k_values: 0.01 0.02 0.03 0.04 0.05 0.06 0.07 0.08 0.09 0.1 0.11 0.12 0.13 0.14 0.15 0.16 0.17 0.18 0.19 0.2

   (衝突回避ありの場合)
   データ残留率(%): 90.7311 78.3135 63.9944 47.3665 35.156 27.1109 21.7184 17.7603 14.7681 12.4814 10.7317 9.27649 8.12135 7.13806 6.32315 5.67455 5.14306 4.67532 4.25539 3.88813

   (衝突回避なしの場合)
   データ残留率(%): 83.951 66.9401 48.0047 28.2988 15.587 9.2642 6.07688 4.30822 3.2503 2.57704 2.10947 1.7551 1.48882 1.2951 1.1221 0.995739 0.884525 0.776899 0.703554 0.634196

■ セグメントk値の分散・標準偏差:
   (衝突回避あり) 分散=0.00550743, 標準偏差=0.0742121
   (衝突回避なし) 分散=0.00150743, 標準偏差=0.0388256
