【パラメータ情報】
m = 120
a = 300
num_solve = 200
d = 3

k_values(閾値) = 0.01 0.02 0.03 0.04 0.05 0.06 0.07 0.08 0.09 0.1 0.11 0.12 0.13 0.14 0.15 0.16 0.17 0.18 0.19 0.2

【結果出力】
■ 衝突回避あり探索で発生した衝突回避回数: 200642

■ データ残留率(%)について:
   k_values: 0.01 0.02 0.03 0.04 0.05 0.06 0.07 0.08 0.09 0.1 0.11 0.12 0.13 0.14 0.15 0.16 0.17 0.18 0.19 0.2

   (衝突回避ありの場合)
   データ残留率(%): 86.3538 71.5083 55.18 36.1107 21.9368 14.3004 9.95443 7.25485 5.56706 4.36119 3.53911 3.02231 2.56874 2.21767 1.95381 1.6965 1.51115 1.36723 1.2364 1.14045

   (衝突回避なしの場合)
   データ残留率(%): 84.5864 67.709 48.634 29.5249 17.8016 11.8347 8.26203 5.94838 4.48071 3.49924 2.80206 2.30871 1.93974 1.65765 1.43541 1.24585 1.08922 0.945091 0.836375 0.746876

■ セグメントk値の分散・標準偏差:
   (衝突回避あり) 分散=0.00210567, 標準偏差=0.0458875
   (衝突回避なし) 分散=0.00169634, 標準偏差=0.0411866
