【パラメータ情報】
m = 120
a = 200
num_solve = 200
d = 3

k_values(閾値) = 0.01 0.02 0.03 0.04 0.05 0.06 0.07 0.08 0.09 0.1 0.11 0.12 0.13 0.14 0.15 0.16 0.17 0.18 0.19 0.2

【結果出力】
■ 衝突回避あり探索で発生した衝突回避回数: 188936

■ データ残留率(%)について:
   k_values: 0.01 0.02 0.03 0.04 0.05 0.06 0.07 0.08 0.09 0.1 0.11 0.12 0.13 0.14 0.15 0.16 0.17 0.18 0.19 0.2

   (衝突回避ありの場合)
   データ残留率(%): 90.5565 78.2605 63.9303 48.9119 35.8455 26.0555 19.6378 15.3365 12.2745 9.99755 8.13372 6.69375 5.64241 4.73594 4.02232 3.41931 2.94846 2.55005 2.21722 1.949

   (衝突回避なしの場合)
   データ残留率(%): 84.7402 68.1285 49.0337 29.498 17.0978 10.9597 7.59274 5.5144 4.16965 3.26957 2.66377 2.2135 1.86976 1.60927 1.38951 1.20242 1.05025 0.92179 0.812357 0.725526

■ セグメントk値の分散・標準偏差:
   (衝突回避あり) 分散=0.00319864, 標準偏差=0.0565565
   (衝突回避なし) 分散=0.00170526, 標準偏差=0.0412948
