【パラメータ情報】
m = 120
a = 400
num_solve = 200
d = 3

k_values(閾値) = 0.01 0.02 0.03 0.04 0.05 0.06 0.07 0.08 0.09 0.1 0.11 0.12 0.13 0.14 0.15 0.16 0.17 0.18 0.19 0.2

【結果出力】
■ 衝突回避あり探索で発生した衝突回避回数: 197249

■ データ残留率(%)について:
   k_values: 0.01 0.02 0.03 0.04 0.05 0.06 0.07 0.08 0.09 0.1 0.11 0.12 0.13 0.14 0.15 0.16 0.17 0.18 0.19 0.2

   (衝突回避ありの場合)
   データ残留率(%): 85.8339 69.3892 50.6353 31.7498 20.1123 14.2411 10.8362 8.6575 7.22596 6.14179 5.35868 4.69197 4.18736 3.73943 3.37195 3.06114 2.793 2.53216 2.32008 2.14152

   (衝突回避なしの場合)
   データ残留率(%): 85.0108 68.6345 49.7523 30.9373 19.1635 12.7875 8.92446 6.46538 4.81778 3.68565 2.8675 2.28605 1.86442 1.56264 1.32151 1.12708 0.976349 0.844582 0.747522 0.658837

■ セグメントk値の分散・標準偏差:
   (衝突回避あり) 分散=0.0053874, 標準偏差=0.0733989
   (衝突回避なし) 分散=0.00158044, 標準偏差=0.0397547
