Problem 4:
Grid:
00000000000000000000
00000000000000000000
000100001000000000000
000110001000000000000
00000000000000000000
01001100000000000000
01100100000000000000
00000001000000000000
00000010000000000000
00000100000000000000
00010010000000000000
00011000100000000000
00010100010000000000
00010100000000000000
00010100000000000000
00010100000000000000
00010100000000000000
00010100000000000000
00000000000000000000
00000000000000000000
Agents: 20
Start Points: [(0, 0), (1, 1), (2, 2), (3, 3), (4, 4), (5, 5), (6, 6), (7, 7), (8, 8), (9, 9)]
Goal Points: [(19, 19), (18, 18), (17, 17), (16, 16), (15, 15), (14, 14), (13, 13), (12, 12), (11, 11), (10, 10)]


Problem 5:
Grid:
00000000000000000000
00000000000000000000
000100001000000000000
000110001000000000000
00000000000000000000
01001100000000000000
01100100000000000000
00000001000000000000
00000010000000000000
00000100000000000000
00010010000000000000
00011000100000000000
00010100010000000000
00010100000000000000
00010100000000000000
00010100000000000000
00010100000000000000
00010100000000000000
00000000000000000000
00000000000000000000
Agents: 30
Start Points: [(0, 0), (1, 1), (2, 2), (3, 3), (4, 4), (5, 5), (6, 6), (7, 7), (8, 8), (9, 9)]
Goal Points: [(19, 19), (18, 18), (17, 17), (16, 16), (15, 15), (14, 14), (13, 13), (12, 12), (11, 11), (10, 10)]


Problem 6:
Grid:
00000000000000000000
00000000000000000000
000100001000000000000
000110001000000000000
00000000000000000000
01001100000000000000
01100100000000000000
00000001000000000000
00000010000000000000
00000100000000000000
00010010000000000000
00011000100000000000
00010100010000000000
00010100000000000000
00010100000000000000
00010100000000000000
00010100000000000000
00010100000000000000
00000000000000000000
00000000000000000000
Agents: 30
Start Points: [(0, 0), (1, 1), (2, 2), (3, 3), (4, 4), (5, 5), (6, 6), (7, 7), (8, 8), (9, 9)]
Goal Points: [(19, 19), (18, 18), (17, 17), (16, 16), (15, 15), (14, 14), (13, 13), (12, 12), (11, 11), (10, 10)]


