# Problem 1:
....................
....................
....................
....................
....................
....................
....................
....................
....................
....................
....................
....................
....................
....................
....................
....................
....................
....................
....................
....................
Agents = 10
Start_Points = [(0, 0), (0, 9), (0, 19), (3, 0), (9, 0), (10, 19), (16, 19), (19, 0), (19, 10), (19, 19)]
Goal_Points = [(19, 19), (19, 10), (19, 0), (16, 19), (10, 19), (9, 0), (3, 0), (0, 19), (0, 9), (0, 0)]
Time_Step = 40

# Problem 2:
....................
....................
....................
....................
....................
....................
....................
....................
....................
....................
....................
....................
....................
....................
....................
....................
....................
....................
....................
....................
Agents = 20
Start_Points = [(0, 0), (0, 3), (0, 6), (0, 9), (0, 16), (0, 19), (3, 0), (3, 19), (9, 0), (7, 19), (10, 19), (13, 0), (16, 0), (16, 19), (19, 0), (19, 3), (19, 10), (19, 13), (19, 16), (19, 19)]
Goal_Points = [(19, 19), (19, 16), (19, 13), (19, 10), (19, 3), (19, 0), (16, 19), (16, 0), (10, 19), (12, 0), (9, 0), (6, 19), (3, 19), (3, 0), (0, 19), (0, 16), (0, 9), (0, 6), (0, 3), (0, 0)]
Time_Step = 40

# Problem 3:
....................
....................
....................
....................
....................
....................
....................
....................
....................
....................
....................
....................
....................
....................
....................
....................
....................
....................
....................
....................
Agents = 30
Start_Points = [(0, 0), (0, 3), (0, 6), (0, 9), (0, 10), (0, 13), (0, 16), (0, 19), (3, 0), (3, 19), (5, 19), (6, 0), (7, 19), (9, 0), (10, 0), (10, 19), (13, 0), (13, 19), (16, 0), (16, 19), (18, 19), (19, 0), (19, 2), (19, 3), (19, 6), (19, 9), (19, 10), (19, 13), (19, 16), (19, 19)]
Goal_Points = [(19, 19), (19, 16), (19, 13), (19, 10), (19, 9), (19, 6), (19, 3), (19, 0), (16, 19), (16, 0), (14, 0), (13, 19), (12, 0), (10, 19), (9, 19), (9, 0), (6, 19), (6, 0), (3, 19), (3, 0), (1, 0), (0, 19), (0, 17), (0, 16), (0, 13), (0, 10), (0, 9), (0, 6), (0, 3), (0, 0)]
Time_Step = 40

# Problem 4:
....................
....................
............@...@...
.....@@@@@..@...@...
............@@..@...
.............@..@...
.....@@@@@..@@..@...
............@...@...
....................
....................
.......@.@..........
.......@.@..........
.......@.@....@..@..
.......@.@....@..@..
.......@.@...@@..@@.
..@@@@@@.@..........
.........@...@@..@@.
.........@....@..@..
..@@@@...@....@..@..
....................
Agents = 10
Start_Points = [(0, 0), (19, 19), (0, 19), (19, 0), (10, 10), (5, 15), (15, 5), (2, 18), (18, 2), (3, 3)]
Goal_Points = [(19, 19), (0, 0), (19, 19), (0, 0), (15, 15), (10, 5), (5, 10), (12, 12), (7, 7), (14, 14)]
Time_Step = 60

# Problem 5:
....................
....................
............@...@...
.....@@@@@..@...@...
............@@..@...
.............@..@...
.....@@@@@..@@..@...
............@...@...
....................
....................
.......@.@..........
.......@.@..........
.......@.@....@..@..
.......@.@....@..@..
.......@.@...@@..@@.
..@@@@@@.@..........
.........@...@@..@@.
.........@....@..@..
..@@@@...@....@..@..
....................
Agents = 20
Start_Points = [(0, 0), (0, 3), (0, 6), (0, 9), (0, 16), (0, 19), (3, 0), (3, 19), (9, 0), (7, 19), (10, 19), (13, 0), (16, 0), (16, 19), (19, 0), (19, 3), (19, 10), (19, 13), (19, 16), (19, 19)]
Goal_Points = [(19, 19), (19, 16), (19, 13), (19, 10), (19, 3), (19, 0), (16, 19), (16, 0), (10, 19), (12, 0), (9, 0), (6, 19), (3, 19), (3, 0), (0, 19), (0, 16), (0, 9), (0, 6), (0, 3), (0, 0)]
Time_Step = 60

# Problem 6:
....................
....................
............@...@...
.....@@@@@..@...@...
............@@..@...
.............@..@...
.....@@@@@..@@..@...
............@...@...
....................
....................
.......@.@..........
.......@.@..........
.......@.@....@..@..
.......@.@....@..@..
.......@.@...@@..@@.
..@@@@@@.@..........
.........@...@@..@@.
.........@....@..@..
..@@@@...@....@..@..
....................
Agents = 30
Start_Points = [(0, 0), (0, 3), (0, 6), (0, 9), (0, 10), (0, 13), (0, 16), (0, 19), (3, 0), (3, 19), (5, 19), (6, 0), (7, 19), (9, 0), (10, 0), (10, 19), (13, 0), (13, 19), (16, 0), (16, 19), (18, 19), (19, 0), (19, 2), (19, 3), (19, 6), (19, 9), (19, 10), (19, 13), (19, 16), (19, 19)]
Goal_Points = [(19, 19), (19, 16), (19, 13), (19, 10), (19, 9), (19, 6), (19, 3), (19, 0), (16, 19), (16, 0), (14, 0), (13, 19), (12, 0), (10, 19), (9, 19), (9, 0), (6, 19), (6, 0), (3, 19), (3, 0), (1, 0), (0, 19), (0, 17), (0, 16), (0, 13), (0, 10), (0, 9), (0, 6), (0, 3), (0, 0)]
Time_Step = 60

