【パラメータ情報】
m = 80
a = 300
num_solve = 200
d = 3

k_values(閾値) = 0.01 0.02 0.03 0.04 0.05 0.06 0.07 0.08 0.09 0.1 0.11 0.12 0.13 0.14 0.15 0.16 0.17 0.18 0.19 0.2

【結果出力】
■ 衝突回避あり探索で発生した衝突回避回数: 167988

■ データ残留率(%)について:
   k_values: 0.01 0.02 0.03 0.04 0.05 0.06 0.07 0.08 0.09 0.1 0.11 0.12 0.13 0.14 0.15 0.16 0.17 0.18 0.19 0.2

   (衝突回避ありの場合)
   データ残留率(%): 89.5614 76.37 64.1715 48.3401 33.2675 22.1436 15.0247 10.4414 7.42914 5.61275 4.36892 3.44662 2.75279 2.36356 2.02228 1.72331 1.49485 1.30024 1.12537 1.00409

   (衝突回避なしの場合)
   データ残留率(%): 88.7618 76.6585 64.4853 50.4326 36.64 26.3873 19.3989 14.738 11.3294 8.87621 7.04959 5.63929 4.61883 3.85498 3.25248 2.77064 2.38899 2.04966 1.78294 1.57819

■ セグメントk値の分散・標準偏差:
   (衝突回避あり) 分散=0.00233421, 標準偏差=0.0483137
   (衝突回避なし) 分散=0.00290922, 標準偏差=0.0539372
