【パラメータ情報】
m = 80
a = 400
num_solve = 200
d = 3

k_values(閾値) = 0.01 0.02 0.03 0.04 0.05 0.06 0.07 0.08 0.09 0.1 0.11 0.12 0.13 0.14 0.15 0.16 0.17 0.18 0.19 0.2

【結果出力】
■ 衝突回避あり探索で発生した衝突回避回数: 195887

■ データ残留率(%)について:
   k_values: 0.01 0.02 0.03 0.04 0.05 0.06 0.07 0.08 0.09 0.1 0.11 0.12 0.13 0.14 0.15 0.16 0.17 0.18 0.19 0.2

   (衝突回避ありの場合)
   データ残留率(%): 88.5403 76.0545 63.5985 50.855 35.4796 23.3705 14.6419 9.43742 6.5824 4.92193 3.74721 2.93432 2.48327 2.19579 1.85378 1.68525 1.4969 1.36307 1.22924 1.04585

   (衝突回避なしの場合)
   データ残留率(%): 89.7427 78.5113 67.1806 54.2583 40.6487 29.583 21.9538 16.7216 13.063 10.275 8.15301 6.57483 5.34895 4.43865 3.73454 3.17079 2.70979 2.30178 2.00981 1.76853

■ セグメントk値の分散・標準偏差:
   (衝突回避あり) 分散=0.00213031, 標準偏差=0.0461552
   (衝突回避なし) 分散=0.00308347, 標準偏差=0.055529
