【パラメータ情報】
m = 80
a = 200
num_solve = 200
d = 3

k_values(閾値) = 0.01 0.02 0.03 0.04 0.05 0.06 0.07 0.08 0.09 0.1 0.11 0.12 0.13 0.14 0.15 0.16 0.17 0.18 0.19 0.2

【結果出力】
■ 衝突回避あり探索で発生した衝突回避回数: 200335

■ データ残留率(%)について:
   k_values: 0.01 0.02 0.03 0.04 0.05 0.06 0.07 0.08 0.09 0.1 0.11 0.12 0.13 0.14 0.15 0.16 0.17 0.18 0.19 0.2

   (衝突回避ありの場合)
   データ残留率(%): 94.931 87.4686 79.708 70.098 59.2257 48.5923 39.6682 32.8647 27.5013 23.1164 19.6222 16.7726 14.5784 12.7505 11.314 10.093 9.08389 8.1448 7.34217 6.62573

   (衝突回避なしの場合)
   データ残留率(%): 89.2018 77.5464 66.106 53.1609 38.511 26.5841 18.7845 13.7882 10.5079 8.20854 6.51435 5.23868 4.25968 3.52851 2.96804 2.54814 2.22226 1.87174 1.63121 1.43632

■ セグメントk値の分散・標準偏差:
   (衝突回避あり) 分散=0.0105705, 標準偏差=0.102813
   (衝突回避なし) 分散=0.00262493, 標準偏差=0.0512341
