【パラメータ情報】
m = 80
a = 100
num_solve = 200
d = 3

k_values(閾値) = 0.01 0.02 0.03 0.04 0.05 0.06 0.07 0.08 0.09 0.1 0.11 0.12 0.13 0.14 0.15 0.16 0.17 0.18 0.19 0.2

【結果出力】
■ 衝突回避あり探索で発生した衝突回避回数: 194227

■ データ残留率(%)について:
   k_values: 0.01 0.02 0.03 0.04 0.05 0.06 0.07 0.08 0.09 0.1 0.11 0.12 0.13 0.14 0.15 0.16 0.17 0.18 0.19 0.2

   (衝突回避ありの場合)
   データ残留率(%): 89.6381 77.6349 65.7177 51.9112 37.1751 25.5398 17.7749 12.8469 9.69612 7.56697 6.06557 5.02599 4.2483 3.71451 3.18073 2.78089 2.46701 2.11515 1.84326 1.68533

   (衝突回避なしの場合)
   データ残留率(%): 88.3688 75.5924 63.8239 50.5951 35.6232 23.0915 15.3239 11.0933 8.41813 6.61092 5.33099 4.38292 3.70687 3.16989 2.75968 2.42518 2.17518 1.90845 1.70863 1.54665

■ セグメントk値の分散・標準偏差:
   (衝突回避あり) 分散=0.00304254, 標準偏差=0.0551592
   (衝突回避なし) 分散=0.00277109, 標準偏差=0.0526411
