【パラメータ情報】
m = 100
a = 200
num_solve = 200
d = 3

k_values(閾値) = 0.01 0.02 0.03 0.04 0.05 0.06 0.07 0.08 0.09 0.1 0.11 0.12 0.13 0.14 0.15 0.16 0.17 0.18 0.19 0.2

【結果出力】
■ 衝突回避あり探索で発生した衝突回避回数: 189929

■ データ残留率(%)について:
   k_values: 0.01 0.02 0.03 0.04 0.05 0.06 0.07 0.08 0.09 0.1 0.11 0.12 0.13 0.14 0.15 0.16 0.17 0.18 0.19 0.2

   (衝突回避ありの場合)
   データ残留率(%): 87.97 73.9544 59.1836 41.7382 26.9741 17.4549 12.1396 8.77345 6.79326 5.42893 4.49095 3.73975 3.15097 2.68536 2.37812 2.0844 1.80829 1.53082 1.34133 1.20868

   (衝突回避なしの場合)
   データ残留率(%): 86.5419 72.2815 56.9648 39.9725 25.564 16.742 11.7468 8.65341 6.55066 5.03652 3.98123 3.24471 2.69889 2.27359 1.94168 1.66905 1.44284 1.24683 1.09331 0.977832

■ セグメントk値の分散・標準偏差:
   (衝突回避あり) 分散=0.00232056, 標準偏差=0.0481722
   (衝突回避なし) 分散=0.00208511, 標準偏差=0.045663
