【パラメータ情報】
m = 100
a = 400
num_solve = 200
d = 3

k_values(閾値) = 0.01 0.02 0.03 0.04 0.05 0.06 0.07 0.08 0.09 0.1 0.11 0.12 0.13 0.14 0.15 0.16 0.17 0.18 0.19 0.2

【結果出力】
■ 衝突回避あり探索で発生した衝突回避回数: 162446

■ データ残留率(%)について:
   k_values: 0.01 0.02 0.03 0.04 0.05 0.06 0.07 0.08 0.09 0.1 0.11 0.12 0.13 0.14 0.15 0.16 0.17 0.18 0.19 0.2

   (衝突回避ありの場合)
   データ残留率(%): 83.9672 67.2234 49.8963 29.0687 16.0199 9.19188 5.90752 4.19404 3.10933 2.44382 1.9771 1.67675 1.42178 1.2446 1.11063 0.950735 0.82325 0.736819 0.663354 0.620138

   (衝突回避なしの場合)
   データ残留率(%): 87.0574 73.1657 58.5 41.4359 27.5491 18.832 13.466 9.85789 7.37293 5.68181 4.47319 3.57355 2.92937 2.43828 2.06188 1.75143 1.51092 1.30776 1.14668 1.0139

■ セグメントk値の分散・標準偏差:
   (衝突回避あり) 分散=0.00144049, 標準偏差=0.0379538
   (衝突回避なし) 分散=0.0020837, 標準偏差=0.0456476
