【パラメータ情報】
m = 100
a = 300
num_solve = 200
d = 3

k_values(閾値) = 0.01 0.02 0.03 0.04 0.05 0.06 0.07 0.08 0.09 0.1 0.11 0.12 0.13 0.14 0.15 0.16 0.17 0.18 0.19 0.2

【結果出力】
■ 衝突回避あり探索で発生した衝突回避回数: 87128

■ データ残留率(%)について:
   k_values: 0.01 0.02 0.03 0.04 0.05 0.06 0.07 0.08 0.09 0.1 0.11 0.12 0.13 0.14 0.15 0.16 0.17 0.18 0.19 0.2

   (衝突回避ありの場合)
   データ残留率(%): 85.5973 69.9926 54.033 35.6772 19.1724 10.5358 6.66126 4.46535 3.2685 2.50526 1.98545 1.69638 1.39209 1.19177 1.0371 0.922991 0.806349 0.7176 0.64153 0.567995

   (衝突回避なしの場合)
   データ残留率(%): 86.5092 71.9784 56.5268 38.9644 24.7356 16.4667 11.5957 8.40476 6.25768 4.79076 3.74291 2.9918 2.47071 2.08656 1.79055 1.54646 1.34076 1.16798 1.04218 0.922242

■ セグメントk値の分散・標準偏差:
   (衝突回避あり) 分散=0.00141339, 標準偏差=0.0375951
   (衝突回避なし) 分散=0.00198359, 標準偏差=0.0445375
