【パラメータ情報】
m = 100
a = 100
num_solve = 200
d = 3

k_values(閾値) = 0.01 0.02 0.03 0.04 0.05 0.06 0.07 0.08 0.09 0.1 0.11 0.12 0.13 0.14 0.15 0.16 0.17 0.18 0.19 0.2

【結果出力】
■ 衝突回避あり探索で発生した衝突回避回数: 202000

■ データ残留率(%)について:
   k_values: 0.01 0.02 0.03 0.04 0.05 0.06 0.07 0.08 0.09 0.1 0.11 0.12 0.13 0.14 0.15 0.16 0.17 0.18 0.19 0.2

   (衝突回避ありの場合)
   データ残留率(%): 88.7423 74.7427 59.5569 42.8141 29.8304 21.4234 16.1526 12.8081 10.4852 8.75397 7.3853 6.34731 5.51692 4.87485 4.34844 3.90655 3.52768 3.21629 2.94789 2.69952

   (衝突回避なしの場合)
   データ残留率(%): 85.6105 70.1435 53.4288 34.5914 20.2759 12.6412 8.42019 6.01449 4.55121 3.58397 2.87542 2.3615 1.97967 1.71303 1.48463 1.28353 1.12713 0.966747 0.853538 0.74877

■ セグメントk値の分散・標準偏差:
   (衝突回避あり) 分散=0.00480495, 標準偏差=0.0693177
   (衝突回避なし) 分散=0.00169738, 標準偏差=0.0411993
